service_id,date,exception_type
1,20170324,1
1,20170325,1
1,20170331,1
1,20170401,1
1,20170407,1
1,20170408,1
1,20170414,1
1,20170415,1
1,20170421,1
1,20170422,1
1,20170428,1
1,20170429,1
1,20170505,1
1,20170506,1
1,20170512,1
1,20170513,1
1,20170519,1
2,20170325,1
2,20170326,1
2,20170401,1
2,20170402,1
2,20170408,1
2,20170409,1
2,20170415,1
2,20170416,1
2,20170422,1
2,20170423,1
2,20170429,1
2,20170430,1
2,20170506,1
2,20170507,1
2,20170513,1
2,20170514,1
2,20170520,1
3,20170323,1
3,20170326,1
3,20170327,1
3,20170328,1
3,20170329,1
3,20170330,1
3,20170402,1
3,20170403,1
3,20170404,1
3,20170405,1
3,20170406,1
3,20170409,1
3,20170410,1
3,20170411,1
3,20170412,1
3,20170413,1
3,20170416,1
3,20170417,1
3,20170418,1
3,20170419,1
3,20170420,1
3,20170423,1
3,20170424,1
3,20170425,1
3,20170426,1
3,20170427,1
3,20170430,1
3,20170501,1
3,20170502,1
3,20170503,1
3,20170504,1
3,20170507,1
3,20170508,1
3,20170509,1
3,20170510,1
3,20170511,1
3,20170514,1
3,20170515,1
3,20170516,1
3,20170517,1
3,20170518,1
4,20170323,1
4,20170324,1
4,20170327,1
4,20170328,1
4,20170329,1
4,20170330,1
4,20170331,1
4,20170403,1
4,20170404,1
4,20170405,1
4,20170406,1
4,20170407,1
4,20170410,1
4,20170411,1
4,20170412,1
4,20170413,1
4,20170414,1
4,20170417,1
4,20170418,1
4,20170419,1
4,20170420,1
4,20170421,1
4,20170424,1
4,20170425,1
4,20170426,1
4,20170427,1
4,20170428,1
4,20170501,1
4,20170502,1
4,20170503,1
4,20170504,1
4,20170505,1
4,20170508,1
4,20170509,1
4,20170510,1
4,20170511,1
4,20170512,1
4,20170515,1
4,20170516,1
4,20170517,1
4,20170518,1
4,20170519,1
5,20170507,1
6,20170325,1
6,20170326,1
6,20170401,1
6,20170402,1
6,20170408,1
6,20170409,1
6,20170415,1
6,20170416,1
6,20170422,1
6,20170423,1
6,20170429,1
6,20170430,1
6,20170506,1
6,20170507,1
6,20170513,1
6,20170514,1
7,20170325,1
7,20170401,1
7,20170408,1
7,20170415,1
7,20170422,1
7,20170429,1
7,20170506,1
7,20170513,1
7,20170520,1
7,20170527,1
7,20170603,1
7,20170610,1
7,20170617,1
7,20170624,1
7,20170701,1
7,20170708,1
7,20170715,1
7,20170722,1
7,20170729,1
7,20170805,1
7,20170812,1
7,20170819,1
7,20170826,1
7,20170902,1
7,20170909,1
7,20170916,1
8,20170326,1
8,20170402,1
8,20170409,1
8,20170416,1
8,20170423,1
8,20170430,1
8,20170507,1
8,20170514,1
8,20170521,1
8,20170528,1
8,20170604,1
8,20170611,1
8,20170618,1
8,20170625,1
8,20170702,1
8,20170709,1
8,20170716,1
8,20170723,1
8,20170730,1
8,20170806,1
8,20170813,1
8,20170820,1
8,20170827,1
8,20170903,1
8,20170910,1
8,20170917,1
9,20170323,1
9,20170324,1
9,20170327,1
9,20170328,1
9,20170329,1
9,20170330,1
9,20170331,1
9,20170403,1
9,20170404,1
9,20170405,1
9,20170406,1
9,20170407,1
9,20170410,1
9,20170411,1
9,20170412,1
9,20170413,1
9,20170414,1
9,20170417,1
9,20170418,1
9,20170419,1
9,20170420,1
9,20170421,1
9,20170424,1
9,20170425,1
9,20170426,1
9,20170427,1
9,20170428,1
9,20170501,1
9,20170502,1
9,20170503,1
9,20170504,1
9,20170505,1
9,20170508,1
9,20170509,1
9,20170510,1
9,20170511,1
9,20170512,1
9,20170515,1
9,20170516,1
9,20170517,1
9,20170518,1
9,20170519,1
9,20170522,1
9,20170523,1
9,20170524,1
9,20170525,1
9,20170526,1
9,20170529,1
9,20170530,1
9,20170531,1
9,20170601,1
9,20170602,1
9,20170605,1
9,20170606,1
9,20170607,1
9,20170608,1
9,20170609,1
9,20170612,1
9,20170613,1
9,20170614,1
9,20170615,1
9,20170616,1
9,20170619,1
9,20170620,1
9,20170621,1
9,20170622,1
9,20170623,1
9,20170626,1
9,20170627,1
9,20170628,1
9,20170629,1
9,20170630,1
9,20170703,1
9,20170704,1
9,20170705,1
9,20170706,1
9,20170707,1
9,20170710,1
9,20170711,1
9,20170712,1
9,20170713,1
9,20170714,1
9,20170717,1
9,20170718,1
9,20170719,1
9,20170720,1
9,20170721,1
9,20170724,1
9,20170725,1
9,20170726,1
9,20170727,1
9,20170728,1
9,20170731,1
9,20170801,1
9,20170802,1
9,20170803,1
9,20170804,1
9,20170807,1
9,20170808,1
9,20170809,1
9,20170810,1
9,20170811,1
9,20170814,1
9,20170815,1
9,20170816,1
9,20170817,1
9,20170818,1
9,20170821,1
9,20170822,1
9,20170823,1
9,20170824,1
9,20170825,1
9,20170828,1
9,20170829,1
9,20170830,1
9,20170831,1
9,20170901,1
9,20170904,1
9,20170905,1
9,20170906,1
9,20170907,1
9,20170908,1
9,20170911,1
9,20170912,1
9,20170913,1
9,20170914,1
9,20170915,1
9,20170918,1
10,20170325,1
10,20170326,1
10,20170401,1
10,20170402,1
10,20170408,1
10,20170409,1
10,20170415,1
10,20170416,1
10,20170422,1
10,20170423,1
10,20170429,1
10,20170430,1
10,20170506,1
10,20170507,1
10,20170513,1
10,20170514,1
10,20170520,1
10,20170521,1
10,20170527,1
10,20170528,1
10,20170529,1
10,20170603,1
10,20170604,1
10,20170610,1
10,20170611,1
10,20170617,1
10,20170618,1
10,20170624,1
10,20170625,1
11,20170324,1
11,20170331,1
11,20170407,1
11,20170414,1
11,20170421,1
11,20170428,1
11,20170505,1
11,20170512,1
11,20170519,1
12,20170323,1
12,20170327,1
12,20170328,1
12,20170329,1
12,20170330,1
12,20170403,1
12,20170404,1
12,20170405,1
12,20170406,1
12,20170410,1
12,20170411,1
12,20170412,1
12,20170413,1
12,20170417,1
12,20170418,1
12,20170419,1
12,20170420,1
12,20170424,1
12,20170425,1
12,20170426,1
12,20170427,1
12,20170501,1
12,20170502,1
12,20170503,1
12,20170504,1
12,20170508,1
12,20170509,1
12,20170510,1
12,20170511,1
12,20170515,1
12,20170516,1
12,20170517,1
12,20170518,1
13,20170323,1
13,20170324,1
13,20170328,1
13,20170329,1
13,20170330,1
13,20170331,1
13,20170404,1
13,20170405,1
13,20170406,1
13,20170407,1
13,20170411,1
13,20170412,1
13,20170413,1
13,20170414,1
13,20170418,1
13,20170419,1
13,20170420,1
13,20170421,1
13,20170425,1
13,20170426,1
13,20170427,1
13,20170428,1
13,20170502,1
13,20170503,1
13,20170504,1
13,20170505,1
13,20170509,1
13,20170510,1
13,20170511,1
13,20170512,1
13,20170516,1
13,20170517,1
13,20170518,1
13,20170519,1
14,20170327,1
14,20170403,1
14,20170410,1
14,20170417,1
14,20170424,1
14,20170501,1
14,20170508,1
14,20170515,1
15,20170324,1
15,20170331,1
15,20170407,1
15,20170414,1
15,20170415,1
15,20170421,1
15,20170428,1
15,20170429,1
15,20170505,1
15,20170506,1
15,20170512,1
15,20170513,1
15,20170519,1
16,20170325,1
16,20170401,1
16,20170408,1
16,20170422,1
17,20170415,1
17,20170416,1
17,20170429,1
17,20170430,1
17,20170506,1
17,20170507,1
17,20170513,1
17,20170514,1
17,20170520,1
18,20170326,1
18,20170402,1
18,20170409,1
18,20170415,1
18,20170416,1
18,20170423,1
18,20170429,1
18,20170430,1
18,20170506,1
18,20170507,1
18,20170513,1
18,20170514,1
18,20170520,1
19,20170326,1
19,20170402,1
19,20170409,1
19,20170423,1
20,20170326,1
20,20170402,1
20,20170409,1
20,20170415,1
20,20170416,1
20,20170423,1
20,20170429,1
20,20170430,1
20,20170506,1
20,20170507,1
20,20170513,1
20,20170514,1
21,20170324,1
21,20170325,1
21,20170326,1
21,20170331,1
21,20170401,1
21,20170402,1
21,20170407,1
21,20170408,1
21,20170409,1
21,20170414,1
21,20170415,1
21,20170416,1
21,20170421,1
21,20170422,1
21,20170423,1
21,20170428,1
21,20170429,1
21,20170430,1
21,20170505,1
21,20170506,1
21,20170507,1
21,20170512,1
21,20170513,1
21,20170514,1
21,20170519,1
22,20170324,1
22,20170331,1
22,20170407,1
22,20170410,1
22,20170414,1
22,20170421,1
22,20170428,1
22,20170505,1
22,20170512,1
22,20170519,1
23,20170323,1
23,20170327,1
23,20170328,1
23,20170329,1
23,20170330,1
23,20170403,1
23,20170404,1
23,20170405,1
23,20170406,1
23,20170411,1
23,20170412,1
23,20170413,1
23,20170417,1
23,20170418,1
23,20170419,1
23,20170420,1
23,20170424,1
23,20170425,1
23,20170426,1
23,20170427,1
23,20170501,1
23,20170502,1
23,20170503,1
23,20170504,1
23,20170508,1
23,20170509,1
23,20170510,1
23,20170511,1
23,20170515,1
23,20170516,1
23,20170517,1
23,20170518,1
24,20170323,1
24,20170324,1
24,20170327,1
24,20170328,1
24,20170329,1
24,20170330,1
24,20170331,1
24,20170403,1
24,20170404,1
24,20170405,1
24,20170406,1
24,20170407,1
24,20170410,1
24,20170411,1
24,20170412,1
24,20170413,1
24,20170414,1
24,20170417,1
24,20170418,1
24,20170419,1
24,20170420,1
24,20170421,1
24,20170424,1
24,20170425,1
24,20170426,1
24,20170427,1
24,20170428,1
24,20170501,1
24,20170502,1
24,20170503,1
24,20170504,1
24,20170505,1
24,20170508,1
24,20170509,1
24,20170510,1
24,20170511,1
24,20170512,1
24,20170515,1
24,20170516,1
24,20170517,1
24,20170518,1
24,20170519,1
24,20170522,1
24,20170523,1
24,20170524,1
24,20170525,1
24,20170526,1
24,20170530,1
24,20170531,1
24,20170601,1
24,20170602,1
24,20170605,1
24,20170606,1
24,20170607,1
24,20170608,1
24,20170609,1
24,20170612,1
24,20170613,1
24,20170614,1
24,20170615,1
24,20170616,1
24,20170619,1
24,20170620,1
24,20170621,1
24,20170622,1
24,20170623,1
24,20170626,1
24,20170627,1
24,20170628,1
24,20170629,1
24,20170630,1
